4: 2 3 4
5: 3 4 5
6: 3 5 6
7: 4 6 7
8: 4 6 7 8
9: 5 7 8 9
10: 5 8 9 10
11: 6 9 10 11
12: 6 8 11 12
13: 7 9 12 13
14: 7 11 12 13 14
15: 8 12 13 14 15
16: 8 11 14 15 16
17: 9 12 15 16 17
18: 9 12 16 17 18
19: 10 13 17 18 19
20: 10 14 17 18 19 20
21: 10 13 14 19 21
22: 11 15 19 20 21 22
23: 12 16 20 21 22 23
24: 12 16 21 22 23 24
25: 13 17 22 23 24 25
26: 13 16 20 24 25 26
27: 14 17 21 25 26 27
28: 11 16 18 24 25 28
29: 15 20 25 26 27 28 29
30: 15 20 26 27 28 29 30
31: 14 19 21 27 30 31
32: 16 20 24 29 30 31 32
33: 17 21 25 30 31 32 33
34: 17 21 26 31 32 33 34
35: 18 22 27 32 33 34 35
36: 17 20 22 25 29 35 36
37: 17 23 25 32 33 36 37
38: 19 24 29 34 35 36 37 38
39: 18 22 24 26 29 38 39
40: 20 25 30 36 37 38 39 40
41: 21 26 31 37 38 39 40 41
42: 21 26 32 38 39 40 41 42
43: 22 27 33 39 40 41 42 43
44: 22 26 31 36 41 42 43 44
45: 23 27 32 37 42 43 44 45
46: 23 25 28 31 35 44 45 46
47: 24 26 29 32 36 45 46 47
48: 21 26 30 32 38 45 46 48
49: 22 30 33 42 43 47 48 49
50: 22 26 32 33 42 45 47 50
51: 23 29 30 34 38 48 50 51
52: 26 31 37 42 48 49 50 51 52
53: 27 32 38 43 49 50 51 52 53
54: 27 32 38 44 50 51 52 53 54
55: 28 33 39 45 51 52 53 54 55
56: 28 30 32 34 35 46 47 55 56
57: 22 29 32 38 40 52 53 57
58: 29 31 34 37 40 44 56 57 58
59: 30 32 35 38 41 45 57 58 59
60: 27 30 34 37 46 47 52 58 60
61: 28 32 34 39 48 49 57 58 61
62: 28 32 38 39 45 54 57 59 62
63: 26 32 35 40 42 48 59 60 63
64: 26 31 39 43 45 54 61 63 64
65: 25 33 35 42 46 47 59 62 65
66: 33 38 44 50 56 62 63 64 65 66
67: 34 39 45 51 57 63 64 65 66 67
68: 34 37 40 44 48 53 65 66 67 68
69: 35 38 41 45 49 54 66 67 68 69
70: 35 37 43 45 52 54 65 66 69 70
71: 36 38 44 46 53 55 66 67 70 71
72: 36 37 41 45 52 59 66 69 71 72
73: 28 31 37 44 48 49 63 71 73
74: 33 38 43 45 50 51 59 70 73 74
75: 34 35 42 47 49 54 65 71 74 75
76: 31 35 46 50 56 59 68 73 75 76
77: 31 35 42 44 50 51 60 72 74 77
78: 30 37 42 50 53 59 63 76 77 78
79: 32 38 48 53 55 66 67 75 78 79
80: 40 45 51 56 63 70 76 77 78 79 80
81: 41 46 52 57 64 71 77 78 79 80 81
82: 41 44 48 52 57 61 67 79 80 81 82
83: 42 45 49 53 58 62 68 80 81 82 83
84: 42 45 48 52 56 60 65 81 82 83 84
85: 43 46 49 53 57 61 66 82 83 84 85
86: 43 44 48 52 59 66 73 80 83 85 86
87: 44 45 49 53 60 67 74 81 84 86 87
88: 40 46 51 57 65 72 75 84 85 87 88
89: 44 46 51 56 64 72 80 83 86 87 89
90: 38 45 50 54 58 63 73 84 85 87 90
91: 36 38 50 57 65 68 81 85 90 91
92: 38 41 46 56 63 68 72 78 89 91 92
93: 38 48 52 58 67 69 80 85 88 92 93
94: 47 53 60 66 74 82 89 90 91 92 93 94
95: 38 40 52 53 60 68 71 85 89 94 95
96: 48 52 56 59 63 65 70 75 93 94 95 96
97: 49 53 57 60 64 66 71 76 94 95 96 97
98: 49 52 56 60 64 68 69 74 95 96 97 98
99: 50 53 57 61 65 69 70 75 96 97 98 99
100: 50 53 56 60 64 68 72 77 97 98 99 100
101: 51 54 57 61 65 69 73 78 98 99 100 101
102: 50 53 55 58 63 67 79 83 94 95 101 102
103: 50 52 57 62 70 78 86 94 97 100 101 103
104: 47 54 60 62 69 72 80 83 99 100 103 104
105: 52 54 59 64 72 80 88 96 99 102 103 105
106: 46 53 54 63 67 79 83 95 98 101 103 106
107: 46 48 52 64 68 71 75 92 97 105 106 107
108: 43 51 54 59 60 67 85 87 89 99 104 108
109: 45 47 59 67 70 75 82 90 99 103 108 109
110: 43 47 54 56 58 60 70 84 89 92 109 110
111: 41 49 50 61 74 79 85 89 92 106 108 111
112: 39 52 56 62 64 76 81 90 97 108 111 112
117: 38 44 51 52 56 69 71 80 91 101 114 117
133: 48 57 58 65 78 90 93 104 109 127 131 133
